# oST version 5.0 parameters


[image]

width
1280

height
720

[narrow_stereo]

camera matrix
1769.353658 0.000000 606.078610
0.000000 1775.861958 394.867700
0.000000 0.000000 1.000000

distortion
-0.800300 0.916571 -0.006678 0.025259 0.000000

rectification
1.000000 0.000000 0.000000
0.000000 1.000000 0.000000
0.000000 0.000000 1.000000

projection
1583.926147 0.000000 625.265797 0.000000
0.000000 1717.759399 395.618691 0.000000
0.000000 0.000000 1.000000 0.000000

